%YAML:1.0
alpha: 3.6402221679687500e+002
beta: -3.6513830566406250e+002
gamma: 1.1480305343866348e-002
u: 2.5479405212402344e+002
v: 2.0673567199707031e+002
