%YAML:1.0
FocalLengthX: 3.6418011474609375e+002
FocalLengthY: 3.6418011474609375e+002
PrincipalPointX: 2.5468670654296875e+002
PrincipalPointY: 2.0689089965820312e+002
RadialDistortionSecondOrder: 9.7367979586124420e-002
RadialDistortionFourthOrder: -2.7300670742988586e-001
RadialDistortionSixthOrder: 8.9052528142929077e-002
