%YAML:1.0
cameramatrix: !!opencv-matrix
   rows: 4
   cols: 4
   dt: f
   data: [ 1.06052954e+003, 1.68359375e+000, 9.77652344e+002,
       6.09843750e+001, 1.24291992e+000, -1.06011621e+003,
       5.27932617e+002, -2.53906250e+000, -1.43051147e-006,
       -1.90734863e-006, 1.00000191e+000, 0., 1.19209290e-007,
       9.53674316e-007, -9.53674316e-007, 1.00000381e+000 ]
