%YAML:1.0
cameramatrix: !!opencv-matrix
   rows: 4
   cols: 4
   dt: f
   data: [ 3.63864319e+002, -7.56347656e-001, 2.55520508e+002,
       -2.79101563e+000, 1.07604980e-001, -3.64584473e+002,
       2.06211914e+002, 2.01269531e+000, 4.76837158e-007, 0.,
       9.99998093e-001, 0., -1.19209290e-007, -4.76837158e-007, 0.,
       9.99998093e-001 ]
